sourceTypeID	yearID	ageID	ageFraction
11	2050	0	0.055289345
11	2050	1	0.055198649
11	2050	2	0.054158865
11	2050	3	0.05138256
11	2050	4	0.048673027
11	2050	5	0.04601557
11	2050	6	0.043544825
11	2050	7	0.041477464
11	2050	8	0.039496066
11	2050	9	0.037470512
11	2050	10	0.035413852
11	2050	11	0.033269494
11	2050	12	0.031691406
11	2050	13	0.030307194
11	2050	14	0.029228866
11	2050	15	0.027962879
11	2050	16	0.02670149
11	2050	17	0.025445714
11	2050	18	0.024425081
11	2050	19	0.023392812
11	2050	20	0.022337196
11	2050	21	0.021294863
11	2050	22	0.020089227
11	2050	23	0.019178121
11	2050	24	0.018180067
11	2050	25	0.017053732
11	2050	26	0.015860456
11	2050	27	0.014460785
11	2050	28	0.022449787
11	2050	29	0.012550095
11	2050	30	0.056
21	2050	0	0.060714428
21	2050	1	0.059833693
21	2050	2	0.059428144
21	2050	3	0.058962162
21	2050	4	0.058658333
21	2050	5	0.057109989
21	2050	6	0.056186424
21	2050	7	0.055252662
21	2050	8	0.054440058
21	2050	9	0.053133202
21	2050	10	0.051600885
21	2050	11	0.04956801
21	2050	12	0.047377465
21	2050	13	0.043718755
21	2050	14	0.038435963
21	2050	15	0.032896712
21	2050	16	0.027853258
21	2050	17	0.023337675
21	2050	18	0.019463366
21	2050	19	0.016046532
21	2050	20	0.013196782
21	2050	21	0.010797205
21	2050	22	0.008727935
21	2050	23	0.007178125
21	2050	24	0.005839036
21	2050	25	0.004713352
21	2050	26	0.003860821
21	2050	27	0.003043234
21	2050	28	0.00292212
21	2050	29	0.001703675
21	2050	30	0.014
31	2050	0	0.053310905
31	2050	1	0.052598748
31	2050	2	0.052071079
31	2050	3	0.051828843
31	2050	4	0.051217457
31	2050	5	0.050534428
31	2050	6	0.049361083
31	2050	7	0.048254263
31	2050	8	0.046884885
31	2050	9	0.045298259
31	2050	10	0.043529331
31	2050	11	0.041378196
31	2050	12	0.039213011
31	2050	13	0.037039133
31	2050	14	0.034928025
31	2050	15	0.032534627
31	2050	16	0.03017479
31	2050	17	0.028019686
31	2050	18	0.026055469
31	2050	19	0.024143608
31	2050	20	0.022284334
31	2050	21	0.020547315
31	2050	22	0.018709634
31	2050	23	0.017136584
31	2050	24	0.015596055
31	2050	25	0.013955384
31	2050	26	0.012225149
31	2050	27	0.010606549
31	2050	28	0.008666277
31	2050	29	0.005896893
31	2050	30	0.016
32	2050	0	0.053310905
32	2050	1	0.052635069
32	2050	2	0.052141819
32	2050	3	0.051907355
32	2050	4	0.051289294
32	2050	5	0.050588384
32	2050	6	0.049393955
32	2050	7	0.048264797
32	2050	8	0.046850037
32	2050	9	0.045225326
32	2050	10	0.043427808
32	2050	11	0.041245343
32	2050	12	0.039044719
32	2050	13	0.036838969
32	2050	14	0.034690263
32	2050	15	0.032272716
32	2050	16	0.029905768
32	2050	17	0.02775893
32	2050	18	0.025818131
32	2050	19	0.023940219
32	2050	20	0.022129212
32	2050	21	0.020444617
32	2050	22	0.018654829
32	2050	23	0.017122875
32	2050	24	0.015641481
32	2050	25	0.014049076
32	2050	26	0.012369827
32	2050	27	0.010783879
32	2050	28	0.008570821
32	2050	29	0.006683574
32	2050	30	0.017
41	2050	0	0.042200583
41	2050	1	0.042333383
41	2050	2	0.042568732
41	2050	3	0.042772991
41	2050	4	0.042996054
41	2050	5	0.042987953
41	2050	6	0.042674111
41	2050	7	0.042207151
41	2050	8	0.041143593
41	2050	9	0.040196269
41	2050	10	0.039048348
41	2050	11	0.037559201
41	2050	12	0.036259592
41	2050	13	0.034821124
41	2050	14	0.033743239
41	2050	15	0.032534526
41	2050	16	0.031023464
41	2050	17	0.029651519
41	2050	18	0.028127538
41	2050	19	0.026755841
41	2050	20	0.025574046
41	2050	21	0.024599898
41	2050	22	0.023409314
41	2050	23	0.021818327
41	2050	24	0.020114267
41	2050	25	0.018647159
41	2050	26	0.01721253
41	2050	27	0.015740968
41	2050	28	0.024887113
41	2050	29	0.015391167
41	2050	30	0.041
42	2050	0	0.042200583
42	2050	1	0.042246307
42	2050	2	0.04251433
42	2050	3	0.042736867
42	2050	4	0.043116534
42	2050	5	0.043118508
42	2050	6	0.042869463
42	2050	7	0.0424312
42	2050	8	0.041412937
42	2050	9	0.040520354
42	2050	10	0.039551614
42	2050	11	0.038065015
42	2050	12	0.036706636
42	2050	13	0.035451519
42	2050	14	0.034269522
42	2050	15	0.03320824
42	2050	16	0.03178701
42	2050	17	0.030506842
42	2050	18	0.029128966
42	2050	19	0.027858722
42	2050	20	0.026780419
42	2050	21	0.025983451
42	2050	22	0.024957298
42	2050	23	0.023386156
42	2050	24	0.021868485
42	2050	25	0.020496651
42	2050	26	0.01913336
42	2050	27	0.017751453
42	2050	28	0.020677396
42	2050	29	0.015264161
42	2050	30	0.024
43	2050	0	0.042200583
43	2050	1	0.042246135
43	2050	2	0.042533945
43	2050	3	0.042753478
43	2050	4	0.043048608
43	2050	5	0.043140473
43	2050	6	0.042988226
43	2050	7	0.042488428
43	2050	8	0.041480974
43	2050	9	0.04060197
43	2050	10	0.039608009
43	2050	11	0.03808084
43	2050	12	0.036738683
43	2050	13	0.035376782
43	2050	14	0.034263557
43	2050	15	0.033163297
43	2050	16	0.03170269
43	2050	17	0.030431341
43	2050	18	0.028891658
43	2050	19	0.027536781
43	2050	20	0.026401643
43	2050	21	0.025470995
43	2050	22	0.024267602
43	2050	23	0.022571553
43	2050	24	0.02086021
43	2050	25	0.01934778
43	2050	26	0.017813915
43	2050	27	0.016258286
43	2050	28	0.020884385
43	2050	29	0.014847171
43	2050	30	0.032
51	2050	0	0.043878053
51	2050	1	0.043804411
51	2050	2	0.043815942
51	2050	3	0.043847307
51	2050	4	0.04383651
51	2050	5	0.043562997
51	2050	6	0.042981875
51	2050	7	0.042343737
51	2050	8	0.041219114
51	2050	9	0.040174184
51	2050	10	0.038958169
51	2050	11	0.037393551
51	2050	12	0.03602062
51	2050	13	0.03454649
51	2050	14	0.033483475
51	2050	15	0.032239608
51	2050	16	0.030700163
51	2050	17	0.029323048
51	2050	18	0.027807818
51	2050	19	0.026409138
51	2050	20	0.02513848
51	2050	21	0.02402553
51	2050	22	0.02280178
51	2050	23	0.021315659
51	2050	24	0.019748674
51	2050	25	0.018307008
51	2050	26	0.016774483
51	2050	27	0.015185223
51	2050	28	0.024322026
51	2050	29	0.015034926
51	2050	30	0.041
52	2050	0	0.043878053
52	2050	1	0.043665385
52	2050	2	0.043757624
52	2050	3	0.043873323
52	2050	4	0.04400537
52	2050	5	0.043848783
52	2050	6	0.043461507
52	2050	7	0.043014873
52	2050	8	0.042066071
52	2050	9	0.041141012
52	2050	10	0.040110672
52	2050	11	0.038612955
52	2050	12	0.037191185
52	2050	13	0.035748464
52	2050	14	0.034431242
52	2050	15	0.033113952
52	2050	16	0.031586678
52	2050	17	0.030290375
52	2050	18	0.028846548
52	2050	19	0.027485545
52	2050	20	0.026274347
52	2050	21	0.0251889
52	2050	22	0.023926311
52	2050	23	0.02237352
52	2050	24	0.02079832
52	2050	25	0.019308787
52	2050	26	0.017703501
52	2050	27	0.016038604
52	2050	28	0.019283746
52	2050	29	0.015974348
52	2050	30	0.023
53	2050	0	0.043878053
53	2050	1	0.043653371
53	2050	2	0.04376611
53	2050	3	0.043915096
53	2050	4	0.044068982
53	2050	5	0.043934985
53	2050	6	0.043582381
53	2050	7	0.043196719
53	2050	8	0.042284875
53	2050	9	0.041385375
53	2050	10	0.040381142
53	2050	11	0.0389088
53	2050	12	0.037487461
53	2050	13	0.036014718
53	2050	14	0.034627512
53	2050	15	0.033252391
53	2050	16	0.031707178
53	2050	17	0.030392964
53	2050	18	0.028930476
53	2050	19	0.027565146
53	2050	20	0.026349125
53	2050	21	0.025230143
53	2050	22	0.023933236
53	2050	23	0.022361881
53	2050	24	0.020768277
53	2050	25	0.019260717
53	2050	26	0.017638606
53	2050	27	0.015958438
53	2050	28	0.019435557
53	2050	29	0.016130284
53	2050	30	0.02
54	2050	0	0.043878053
54	2050	1	0.043746781
54	2050	2	0.043773089
54	2050	3	0.04380725
54	2050	4	0.043897548
54	2050	5	0.043595903
54	2050	6	0.043066688
54	2050	7	0.042426601
54	2050	8	0.041305113
54	2050	9	0.040289704
54	2050	10	0.039215714
54	2050	11	0.037631024
54	2050	12	0.036181519
54	2050	13	0.034800944
54	2050	14	0.033581897
54	2050	15	0.032417563
54	2050	16	0.030909229
54	2050	17	0.029572251
54	2050	18	0.028133025
54	2050	19	0.026753401
54	2050	20	0.02551666
54	2050	21	0.024539914
54	2050	22	0.023363386
54	2050	23	0.021847804
54	2050	24	0.020392724
54	2050	25	0.018945423
54	2050	26	0.017369275
54	2050	27	0.015741354
54	2050	28	0.021920629
54	2050	29	0.015379533
54	2050	30	0.036
61	2050	0	0.03839596
61	2050	1	0.038900987
61	2050	2	0.039564924
61	2050	3	0.040089961
61	2050	4	0.04075867
61	2050	5	0.041372114
61	2050	6	0.041717269
61	2050	7	0.041614692
61	2050	8	0.040776435
61	2050	9	0.040090277
61	2050	10	0.039149163
61	2050	11	0.037908145
61	2050	12	0.036864834
61	2050	13	0.035644609
61	2050	14	0.0347206
61	2050	15	0.03366803
61	2050	16	0.032229821
61	2050	17	0.030867611
61	2050	18	0.029233852
61	2050	19	0.027871099
61	2050	20	0.026865561
61	2050	21	0.026078782
61	2050	22	0.024906151
61	2050	23	0.023054878
61	2050	24	0.021002685
61	2050	25	0.019380565
61	2050	26	0.017992655
61	2050	27	0.016627203
61	2050	28	0.025720617
61	2050	29	0.015931851
61	2050	30	0.041
62	2050	0	0.03839596
62	2050	1	0.038943828
62	2050	2	0.039601871
62	2050	3	0.040116998
62	2050	4	0.040769538
62	2050	5	0.041366282
62	2050	6	0.041684581
62	2050	7	0.041600978
62	2050	8	0.040766037
62	2050	9	0.04009581
62	2050	10	0.039149162
62	2050	11	0.03793643
62	2050	12	0.036909791
62	2050	13	0.035671987
62	2050	14	0.034714123
62	2050	15	0.03360694
62	2050	16	0.032118885
62	2050	17	0.030723548
62	2050	18	0.029067478
62	2050	19	0.02767308
62	2050	20	0.026644074
62	2050	21	0.025833678
62	2050	22	0.024639525
62	2050	23	0.022790399
62	2050	24	0.020721853
62	2050	25	0.019117012
62	2050	26	0.017756551
62	2050	27	0.016416593
62	2050	28	0.026264728
62	2050	29	0.015902278
62	2050	30	0.043
